513896274976234185428751963781349652265178349394625817837512496659483721142967538
792468351486315972351927684275189463819643527643572819967831245524796138138254796
387629154612547398459813267176985423243176985598432716924758631735261849861394572
896321754213475698574698132729183465345267981681549273937814526168952347452736819
291875634857436219436912857672358491514297386389164572723681945168549723945723168
394218765182765439576943218643159827827436951915827643459382176761594382238671594
367128954145679823982354671871236549453917286296845137624593718539781462718462395
249186573735942186168375429512697348976834251483251967694723815327518694851469732
832615974947283651561794283418937562753826149629451837275369418396148725184572396
987524316452361798136897425365489172821673954794152683619235847273948561548716239
492837651615249738738156924984371562356982147127564389273495816549618273861723495
379468152281795346456132798928647531647351289135829467713984625594216873862573914
213498657874561329596237148462185793759643812138972465627819534981354276345726981
264579138583612974179384652312465897897231465645897213958726341726143589431958726
432875916916324857875169324359246781748531269621987543563718492294653178187492635
549283671678941352321567948185492736937816524264375189413729865856134297792658413
674928513153467829298351746531792468826514937947836251765283194382149675419675382
984167523615234987237859461346795812872413659159682734761348295528971346493526178
258367941367914852914825367432679185796581234185243796623158479579432618841796523
127683459638594217549172863263417985481359672795268341916835724354726198872941536
138627549962145873745398612529483167473916258681752394217869435896534721354271986
873215649249678531651394287514923876386547912927186453432861795168759324795432168
957316428618724593243985671425198367879563142361472985184259736592637814736841259
879623541236451897514978623148569372692837154357214968921785436463192785785346219
375681924619524783248379156527438691963157842184962375731845269492716538856293417
748315269965872134231946578523789416197564382684123957812457693459638721376291845
458923617732641958916587432891456273273819546564372891647235189325198764189764325
987152364251463978364798512572819436198346257436527189849635721715284693623971845
298516437416378952753492186925681743381724569647953218139265874874139625562847391
276854931458913276193276584314562897629738415587149623835691742742385169961427358
163842957928375416754691832831567294692134785547928361289416573376259148415783629
928471563147356982635289714791562348483197625256834197879645231514923876362718459
493521786176348592582769314327854169961273845854196237748635921635912478219487653
314672598782519634659483217528146973176938425943257861891325746235764189467891352
372485196148692357659317428927546813465831972831729645216978534593264781784153269
953724168471896352286531749539162487748359216612487935894215673367948521125673894
894765132127493856356812947518379624642158793739624518963547281475281369281936475
157964823823157946694238175271349658586721394439685217718596432345812769962473581
259473618874169325361582947735928461642315789198746253526837194483291576917654832
962845317185732964347196582579263148814957623623481759296578431431629875758314296
573891462198264573426573918857349126349612857612785349731956284284137695965428731
249176358675398421138425976917632584854719632362584197521843769796251843483967215
618924357372651498549837216263548179854179623197263584985316742726485931431792865
937152846152648973864379152349821765281765439576934281628597314413286597795413628
425618937673249815891537642184376529236495781759182364947823156362751498518964273
294185736875936124136742598581394267927651843463278915312567489658419372749823651
543976128712835496698214537167459283329681754485327619871543962934162875256798341
326978541145263879978415236783594612462381957519627483894132765251746398637859124
286513479514697238397248165825769341479321856631485927963152784748936512152874693
534271986198643527762895413681329745329754861475168239913582674257436198846917352
483671592259348617176952438865419723941237856327586149638125974594763281712894365
174825639963174852582396174851943726627581493349267581218459367496738215735612948
968314752341752689527896134183467295674925813259183476415279368836541927792638541
254619873691738425387425169513246987428957316976381254842563791169874532735192648
137526984694387215825149367316492578479815632258763491942671853783954126561238749
532167894918245637764983152421358976853796241679421583145872369396514728287639415
615372849734891526982465731468237195159684273273159468897526314346718952521943687
859437261716952384234618579693571842571284693428369715347895126985126437162743958
831627954794538126625914873479361285258749361316852497187495632543286719962173548
716439285394285176825167934269374851473851629158926743542698317687513492931742568
735196284169824375824375619392687451451239768687451932943568127278913546516742893
873149256295376814614852379439761582761285493528493761387614925946527138152938647
587429316926731854341685729214978563798563241653142987172354698869217435435896172
736482591159736824428591367245319786891627435367845219583964172972158643614273958
637259814184673529925418673476985231859321467312746958768534192291867345543192786
925741386467938125813625947194356872672894513538172469751463298289517634346289751
813659274274138596695247813156723489932481657487965132361594728728316945549872361
823495176549671382167382549354729861791856234286134795472913658935268417618547923
487536192612894357593172468348259671761348925925761843839427516256913784174685239
285417396967325814143986527621573948839264751574198263496732185318659472752841639
158947326632518497947236851286753914491862573573491682724689135815374269369125748
698427135315698247724531968537142689269385714481769352142876593953214876876953421
648291735317645298952738164476312589895467321123589476539874612784126953261953847
569287134371495628248631597826549371415763289793812456954128763637954812182376945
487635129592148673136972845675384291843291567921756384264517938759823416318469752
751649238283175964649823571428396715396517482517482693162934857875261349934758126
831492567924756183675831492516379248783214956492685371147528639258963714369147825
563479218749128536281563479875632194914857623632941857126394785357286941498715362
127435968354689271698712534912347685586291743743856129875963412239174856461528397
354216897987534612621978345718345926263891754549627138832759461196482573475163289
542938617176254839389761425261479358753816942498523176624387591915642783837195264
198756234276438951435129786962384517751962348843517629527641893684293175319875462
267519438915843726384627159152964873736281594498735261571398642823456917649172385
138762594524391867697854213812637459946518732753249186361425978275983641489176325
126754389398612547754398216679521438543867921281943675862135794415279863937486152
279156834148739526536284917685913742394872651721465398917328465853641279462597183
367425981524819376189376524615298743873641295492753618758132469231964857946587132
293158476518746239476239518861425793347691825925873641682917354134582967759364182
916853247427169835358274169731486952295731684684592713849317526173625498562948371
431769582285431976679285341396148725152673894847592163713826459924357618568914237
127684953953217468846935721764852319319476285582193647638549172271368594495721836
158496732732581649649237581325169478916874253874352196591728364287643915463915827
267389541415627839893145726978463152521798364346251987752814693639572418184936275
543968172876521349192437658938276415451893267627145983719384526384652791265719834
581497632796235148432168957875914326624783519319526874943852761167349285258671493
927186543546932178381574962269458317713629854458317629834761295192845736675293481
931652784485917362726834159894761523167523498253498617642179835579386241318245976
126349587857216943394758621582961374743582169619437852275693418961874235438125796
358291647746385291129647385412569738965738412873124956537916824281473569694852173
691487235325169784847352169183974526462531897759628341574893612936215478218746953
